retreat: 0.15  #预备后撤距离
max_acceleration_scaling_factor: 0.15   #机械臂最大加速度比例因子
max_velocity_scaling_factor: 0.25   #机械臂最大速度比例因子
initial_joints: [0.05453820813327058, -2.4560545497677118, 2.139804820148519, -1.3019487187830345, -1.552458554959968, -0.3681200497067472] #打开机械臂之后的初始化姿态
ready_joints:  [0.05453820813327058, -2.4560545497677118, 2.139804820148519, -1.3019487187830345, -1.552458554959968, -0.3681200497067472]  #可以接收抓取的机械臂姿态
