retreat: 0.15  #预备后撤距离
max_acceleration_scaling_factor: 0.15   #机械臂最大加速度比例因子
max_velocity_scaling_factor: 0.25   #机械臂最大速度比例因子
initial_joints: [1.1318244934082031, -1.5151599089251917, -0.310127083455221, -1.171316925679342, -1.6035016218768519, -0.34478789964784795] #打开机械臂之后的初始化姿态
working_joints:  [-0.19, -1.52, 1.37, -1.47, -1.52, -0.19]  #打开相机检测目标时候的姿态（各个关节角）
place_joints: [0.53, -1.74,1.98, -1.91, -1.52, -0.19]  #放置状态，可以设置多个
